<?xml version="1.0"?>
<opencv_storage>
<image_width>128</image_width>
<image_height>128</image_height>
<camera_matrix type_id="opencv-matrix">
  <rows>3</rows>
  <cols>3</cols>
  <dt>d</dt>
  <data>
    1.2987778712657994e+03 0. 64. 0. 1.2782909685781619e+03 64. 0. 0. 1.</data></camera_matrix>
<distortion_coeffs type_id="opencv-matrix">
  <rows>1</rows>
  <cols>5</cols>
  <dt>d</dt>
  <data>
    -4.3326770673377615e+00 3.0605470870668034e+02 0. 0.
    -6.0947251665444783e+03</data></distortion_coeffs>
<r>
  <_ type_id="opencv-matrix">
    <rows>3</rows>
    <cols>1</cols>
    <dt>d</dt>
    <data>
      -2.1673986164413721e+00 2.1696495369333033e+00
      -7.4261900860584207e-02</data></_>
  <_ type_id="opencv-matrix">
    <rows>3</rows>
    <cols>1</cols>
    <dt>d</dt>
    <data>
      -2.1622735019888966e+00 2.1648492010623595e+00
      -2.6618722810242440e-02</data></_>
  <_ type_id="opencv-matrix">
    <rows>3</rows>
    <cols>1</cols>
    <dt>d</dt>
    <data>
      -2.1723125099547111e+00 2.1705833292432279e+00
      -1.5029614517846610e-02</data></_>
  <_ type_id="opencv-matrix">
    <rows>3</rows>
    <cols>1</cols>
    <dt>d</dt>
    <data>
      -2.1730455584825319e+00 2.1707136991818885e+00
      -3.0387439538448014e-02</data></_>
  <_ type_id="opencv-matrix">
    <rows>3</rows>
    <cols>1</cols>
    <dt>d</dt>
    <data>
      -2.1575403953471444e+00 2.1535035162135041e+00
      -2.0552067619720751e-02</data></_>
  <_ type_id="opencv-matrix">
    <rows>3</rows>
    <cols>1</cols>
    <dt>d</dt>
    <data>
      -2.1615445642668982e+00 2.1564606606312355e+00
      -2.2563232447953198e-02</data></_>
  <_ type_id="opencv-matrix">
    <rows>3</rows>
    <cols>1</cols>
    <dt>d</dt>
    <data>
      -2.1800219545122985e+00 2.1775175893465848e+00
      -1.7034506475196637e-02</data></_>
  <_ type_id="opencv-matrix">
    <rows>3</rows>
    <cols>1</cols>
    <dt>d</dt>
    <data>
      -2.1556599161487746e+00 2.1564623013813753e+00
      -6.2721438385710981e-02</data></_>
  <_ type_id="opencv-matrix">
    <rows>3</rows>
    <cols>1</cols>
    <dt>d</dt>
    <data>
      -2.1648526344622119e+00 2.1614433470241528e+00
      -2.5980972135989037e-02</data></_>
  <_ type_id="opencv-matrix">
    <rows>3</rows>
    <cols>1</cols>
    <dt>d</dt>
    <data>
      -2.1565004371039782e+00 2.1577860639078139e+00
      -3.4565666386507779e-02</data></_>
  <_ type_id="opencv-matrix">
    <rows>3</rows>
    <cols>1</cols>
    <dt>d</dt>
    <data>
      -2.1655502037043992e+00 2.1621413171096715e+00
      -3.6232016697862884e-02</data></_>
  <_ type_id="opencv-matrix">
    <rows>3</rows>
    <cols>1</cols>
    <dt>d</dt>
    <data>
      -2.1658137098101373e+00 2.1686716028024726e+00
      -4.8948223505619962e-02</data></_>
  <_ type_id="opencv-matrix">
    <rows>3</rows>
    <cols>1</cols>
    <dt>d</dt>
    <data>
      -2.1618452745412644e+00 2.1531080113045005e+00
      -3.1149919793122052e-02</data></_>
  <_ type_id="opencv-matrix">
    <rows>3</rows>
    <cols>1</cols>
    <dt>d</dt>
    <data>
      -2.1575100371652032e+00 2.1573626155799452e+00
      -6.7561620740655998e-02</data></_>
  <_ type_id="opencv-matrix">
    <rows>3</rows>
    <cols>1</cols>
    <dt>d</dt>
    <data>
      -2.1530066027977446e+00 2.1505940625303253e+00
      -2.5798137559542189e-02</data></_>
  <_ type_id="opencv-matrix">
    <rows>3</rows>
    <cols>1</cols>
    <dt>d</dt>
    <data>
      -2.1652708168683641e+00 2.1652310069140888e+00
      -1.2677128813803271e-02</data></_>
  <_ type_id="opencv-matrix">
    <rows>3</rows>
    <cols>1</cols>
    <dt>d</dt>
    <data>
      -2.1611375095276770e+00 2.1590046359810549e+00
      -2.6637494491127275e-02</data></_>
  <_ type_id="opencv-matrix">
    <rows>3</rows>
    <cols>1</cols>
    <dt>d</dt>
    <data>
      -2.1687513960319982e+00 2.1646388360956159e+00
      -7.2142894745271094e-02</data></_>
  <_ type_id="opencv-matrix">
    <rows>3</rows>
    <cols>1</cols>
    <dt>d</dt>
    <data>
      -2.1598870372363974e+00 2.1589826999391537e+00
      8.5804396521110635e-03</data></_>
  <_ type_id="opencv-matrix">
    <rows>3</rows>
    <cols>1</cols>
    <dt>d</dt>
    <data>
      -2.1644047159246336e+00 2.1648659164447004e+00
      -2.3834059369956549e-02</data></_></r>
