%YAML:1.0
---
rs_image_width: 1280
rs_image_height: 720
cam_matrix: !!opencv-matrix
   rows: 3
   cols: 3
   dt: d
   data: [ 8.7181068548435553e+02, 0., 640., 0., 8.7018553201280361e+02,
       360., 0., 0., 1. ]
distortion_coeffs: !!opencv-matrix
   rows: 1
   cols: 5
   dt: d
   data: [ 1.6563756609099292e-01, -4.2981499478520313e-01, 0., 0.,
       3.1433923564807148e-01 ]
rsRvecs:
   - !!opencv-matrix
      rows: 3
      cols: 1
      dt: d
      data: [ -1.3230452501493917e-01, -2.0211969578240516e-01,
          -3.0684947759508652e+00 ]
   - !!opencv-matrix
      rows: 3
      cols: 1
      dt: d
      data: [ -2.9171149752640162e-02, -2.5041115465447142e-02,
          3.0886567020159803e+00 ]
   - !!opencv-matrix
      rows: 3
      cols: 1
      dt: d
      data: [ -4.9420779571301698e-03, -1.4846735882237727e-01,
          3.1125015196112908e+00 ]
   - !!opencv-matrix
      rows: 3
      cols: 1
      dt: d
      data: [ -6.6896409019475384e-02, -6.2029170767934983e-03,
          3.0544565313841190e+00 ]
   - !!opencv-matrix
      rows: 3
      cols: 1
      dt: d
      data: [ -6.1256795299302495e-02, -1.8520397812163011e-02,
          3.0408240874463877e+00 ]
   - !!opencv-matrix
      rows: 3
      cols: 1
      dt: d
      data: [ -5.8123868390324282e-02, -1.9663102106301247e-02,
          3.0385909056075624e+00 ]
   - !!opencv-matrix
      rows: 3
      cols: 1
      dt: d
      data: [ -4.9049487915095918e-02, -2.3554414691034264e-02,
          3.0353584593371910e+00 ]
   - !!opencv-matrix
      rows: 3
      cols: 1
      dt: d
      data: [ -8.5481641799156322e-02, -5.2160142784328269e-02,
          3.0048367614980220e+00 ]
   - !!opencv-matrix
      rows: 3
      cols: 1
      dt: d
      data: [ -9.4021585570580990e-02, -9.8178224647759868e-02,
          3.0086495197365664e+00 ]
   - !!opencv-matrix
      rows: 3
      cols: 1
      dt: d
      data: [ -1.1881013661680151e-01, -1.2994951450500422e-01,
          3.0474859042253737e+00 ]
   - !!opencv-matrix
      rows: 3
      cols: 1
      dt: d
      data: [ -1.4129533574982586e-01, -1.1299090055334331e-01,
          3.0434556910325625e+00 ]
   - !!opencv-matrix
      rows: 3
      cols: 1
      dt: d
      data: [ -1.3907738005998682e-01, -1.3131864927827747e-01,
          3.0250237024136291e+00 ]
   - !!opencv-matrix
      rows: 3
      cols: 1
      dt: d
      data: [ -1.0183113830836056e-01, -1.6239038326082125e-01,
          3.0331146228148524e+00 ]
   - !!opencv-matrix
      rows: 3
      cols: 1
      dt: d
      data: [ -1.0133367980195285e-01, -1.5903385243713297e-01,
          3.0839840842464263e+00 ]
   - !!opencv-matrix
      rows: 3
      cols: 1
      dt: d
      data: [ -4.4490464504271923e-02, -1.2575573976528384e-01,
          3.0806099879704738e+00 ]
   - !!opencv-matrix
      rows: 3
      cols: 1
      dt: d
      data: [ -4.2944472020511069e-02, -2.0181992878407654e-01,
          3.0556752163682117e+00 ]
   - !!opencv-matrix
      rows: 3
      cols: 1
      dt: d
      data: [ -4.0738429709767078e-02, -1.3070400641045299e-01,
          3.0670217110196889e+00 ]
   - !!opencv-matrix
      rows: 3
      cols: 1
      dt: d
      data: [ 1.1145779334662433e-02, -1.0669325152832582e-01,
          3.0446409699844192e+00 ]
   - !!opencv-matrix
      rows: 3
      cols: 1
      dt: d
      data: [ 2.4523365258196692e-02, -1.0435410725457754e-01,
          3.0377455708794976e+00 ]
   - !!opencv-matrix
      rows: 3
      cols: 1
      dt: d
      data: [ 2.1617057812951382e-02, -8.8892834664226802e-02,
          3.0348861282051613e+00 ]
rsTvecs:
   - !!opencv-matrix
      rows: 3
      cols: 1
      dt: d
      data: [ 8.3911076214799277e-02, 1.2843347815131448e-01,
          3.4095063136065312e-01 ]
   - !!opencv-matrix
      rows: 3
      cols: 1
      dt: d
      data: [ 7.9799509190342871e-02, 8.3327703547047369e-02,
          3.0212610769302056e-01 ]
   - !!opencv-matrix
      rows: 3
      cols: 1
      dt: d
      data: [ 8.0057633188052743e-02, 9.1920641215241530e-02,
          2.7841633164552676e-01 ]
   - !!opencv-matrix
      rows: 3
      cols: 1
      dt: d
      data: [ 7.2098628768523743e-02, 7.3104103215452701e-02,
          2.9889511398109980e-01 ]
   - !!opencv-matrix
      rows: 3
      cols: 1
      dt: d
      data: [ 6.8943134747429385e-02, 6.9752536504787216e-02,
          2.9638313764260515e-01 ]
   - !!opencv-matrix
      rows: 3
      cols: 1
      dt: d
      data: [ 6.8617672296554716e-02, 6.9484195829335599e-02,
          2.9555276051738522e-01 ]
   - !!opencv-matrix
      rows: 3
      cols: 1
      dt: d
      data: [ 6.8797570051882348e-02, 6.8975415910835239e-02,
          2.9372368174465163e-01 ]
   - !!opencv-matrix
      rows: 3
      cols: 1
      dt: d
      data: [ 8.8554113372295074e-02, 6.6065763259639573e-02,
          2.9488692816162337e-01 ]
   - !!opencv-matrix
      rows: 3
      cols: 1
      dt: d
      data: [ 1.0975298071255593e-01, 7.1479291126900837e-02,
          2.9241619920841866e-01 ]
   - !!opencv-matrix
      rows: 3
      cols: 1
      dt: d
      data: [ 1.4148149402585020e-01, 8.0545841070205224e-02,
          2.8879576479686675e-01 ]
   - !!opencv-matrix
      rows: 3
      cols: 1
      dt: d
      data: [ 1.5360644602247905e-01, 7.8090983650143567e-02,
          2.8979943799749391e-01 ]
   - !!opencv-matrix
      rows: 3
      cols: 1
      dt: d
      data: [ 1.5115822711207891e-01, 7.3251476701807830e-02,
          2.8834057326676660e-01 ]
   - !!opencv-matrix
      rows: 3
      cols: 1
      dt: d
      data: [ 1.5285383888133519e-01, 7.7824608989989552e-02,
          2.7947457003405540e-01 ]
   - !!opencv-matrix
      rows: 3
      cols: 1
      dt: d
      data: [ 1.6662165648425345e-01, 8.9791402439882637e-02,
          2.8356993170941164e-01 ]
   - !!opencv-matrix
      rows: 3
      cols: 1
      dt: d
      data: [ 1.7293659729387589e-01, 8.2413490466128725e-02,
          2.7357590962583767e-01 ]
   - !!opencv-matrix
      rows: 3
      cols: 1
      dt: d
      data: [ 1.9267341963068790e-01, 7.2440980970592164e-02,
          2.8049813856014932e-01 ]
   - !!opencv-matrix
      rows: 3
      cols: 1
      dt: d
      data: [ 1.6309322655070654e-01, 6.9059425417186113e-02,
          2.8474470716854744e-01 ]
   - !!opencv-matrix
      rows: 3
      cols: 1
      dt: d
      data: [ 1.1461989409851402e-01, 6.7668324166843680e-02,
          2.6668223520839229e-01 ]
   - !!opencv-matrix
      rows: 3
      cols: 1
      dt: d
      data: [ 1.0639991171227610e-01, 6.7244756019054122e-02,
          2.6601069268125532e-01 ]
   - !!opencv-matrix
      rows: 3
      cols: 1
      dt: d
      data: [ 1.0319464498751359e-01, 6.6731684504263353e-02,
          2.6762515071356247e-01 ]
