%YAML:1.0
---
rs_cam_mat: !!opencv-matrix
   rows: 3
   cols: 3
   dt: d
   data: [ 9.2719792876859913e+02, 0., 640., 0., 9.2366153173990574e+02,
       360., 0., 0., 1. ]
distCoeffs: !!opencv-matrix
   rows: 1
   cols: 5
   dt: d
   data: [ 1.8011554043013675e-01, -4.6584391358495120e-01, 0., 0.,
       2.1887036859830850e-01 ]
rs_cam_mat2: !!opencv-matrix
   rows: 3
   cols: 3
   dt: d
   data: [ 1.1517686341071217e+03, 0., 640., 0., 1.1510021822047465e+03,
       360., 0., 0., 1. ]
distCoeffs2: !!opencv-matrix
   rows: 1
   cols: 5
   dt: d
   data: [ 3.1302951518505917e-01, -1.5482630661991237e+00, 0., 0.,
       2.2905741950630780e+00 ]
R: !!opencv-matrix
   rows: 3
   cols: 3
   dt: d
   data: [ 9.9719683187044850e-01, 5.0927522910967403e-03,
       7.4649463371426680e-02, -6.7968232201697605e-03,
       9.9972167723886407e-01, 2.2591397761674674e-02,
       -7.4513634333953985e-02, -2.3035449481483256e-02,
       9.9695390383183302e-01 ]
T: !!opencv-matrix
   rows: 3
   cols: 1
   dt: d
   data: [ -3.3531841600410944e-01, -2.3548903212133447e-03,
       1.2798481483608057e-01 ]
E: !!opencv-matrix
   rows: 3
   cols: 3
   dt: d
   data: [ 1.0453615975984582e-03, -1.2789494779200317e-01,
       -5.2390729582456209e-03, 1.0264025804649465e-01,
       -7.0724154730916087e-03, 3.4385100160920834e-01,
       4.6273891637636042e-03, -3.3521309638362884e-01,
       -7.3995204139863926e-03 ]
F: !!opencv-matrix
   rows: 3
   cols: 3
   dt: d
   data: [ 1.0390782193751569e-07, -1.2761293132876772e-05,
       4.0447185653039132e-03, 1.0209125324893895e-05,
       -7.0615194827757786e-07, 2.5431638002238004e-02,
       -3.2120214769794896e-03, -3.0102215874406459e-02, 1. ]
rodrigues: !!opencv-matrix
   rows: 3
   cols: 1
   dt: d
   data: [ -2.2836750751780235e-02, 7.4657809808939504e-02,
       -5.9508664065317241e-03 ]
